100
ASV_12     0.0000000 0.0564492 0.2939697 0.2820365 0.2748319 0.2466347 0.2390140 0.2525143 0.2289512 0.2264084 0.2230449 0.2229426 0.2190942 0.2409673 0.2426186 0.2390984 0.2436737 0.2455869 0.2370806 0.2461348 0.2521087 0.2809023 0.2388838 0.2512951 0.2480285 0.2460844 0.2418805 0.2471543 0.2400841 0.2463022 0.2175620 0.2419261 0.2369046 0.2393685 0.2388245 0.2441535 0.2374497 0.2267198 0.2391466 0.2305235 0.2299686 0.2299686 0.2299686 0.2429557 0.2402066 0.2423743 0.2230785 0.2333536 0.2333536 0.2294069 0.2286983 0.2285557 0.2304062 0.2263841 0.2304062 0.2497613 0.2462759 0.2426376 0.2349427 0.2283732 0.2283732 0.2320249 0.2320249 0.2279320 0.2467906 0.2492833 0.2512013 0.2506044 0.2506044 0.2463054 0.2463054 0.2068226 0.2187309 0.2137361 0.2249185 0.2193899 0.2195499 0.2134296 0.2124503 0.2160714 0.2156009 0.2021816 0.2031164 0.2119991 0.2421502 0.2288492 0.2425033 0.2646515 0.2720666 0.2775252 0.2863797 0.2824109 0.2261565 0.2652589 0.2696977 0.2690855 0.2431398 0.2390187 0.2280402 0.2123430 
ASV_51     0.0564492 0.0000000 0.2922269 0.3023299 0.2622934 0.2345072 0.2235585 0.2384184 0.2400099 0.2324666 0.2290688 0.2408007 0.2262888 0.2616501 0.2558947 0.2596105 0.2601377 0.2622013 0.2511098 0.2607092 0.2524483 0.2662071 0.2579678 0.2510725 0.2478329 0.2459049 0.2525550 0.2506151 0.2310109 0.2313439 0.2107198 0.2198684 0.2271852 0.2333611 0.2261750 0.2311606 0.2129309 0.1949120 0.2213233 0.2162618 0.2118716 0.2118716 0.2118716 0.2280056 0.2171375 0.2234728 0.2239269 0.2284690 0.2244584 0.2375981 0.2230239 0.2300335 0.2318838 0.2359322 0.2318838 0.2462662 0.2382651 0.2378051 0.2345348 0.2241637 0.2190189 0.2197994 0.2276952 0.2237427 0.2205936 0.2300262 0.2317363 0.2311909 0.2311909 0.2271677 0.2271677 0.2144080 0.2162131 0.2076567 0.1987679 0.2172116 0.2136639 0.2217904 0.2126961 0.2096649 0.2092138 0.2179757 0.2053905 0.2268486 0.2690095 0.2568157 0.2490226 0.2655938 0.2844223 0.2741250 0.2733154 0.2680659 0.2212868 0.2651989 0.2657983 0.2651989 0.2399436 0.2287983 0.2508581 0.2256795 
ASV_40     0.2939697 0.2922269 0.0000000 0.0175323 0.2835704 0.2189410 0.2103494 0.1982447 0.2398102 0.2486197 0.2491993 0.2391858 0.2381749 0.1986759 0.1953904 0.1986759 0.2381614 0.2381614 0.2111511 0.1909374 0.2269279 0.2054273 0.2395722 0.2377606 0.2432621 0.2404136 0.2267028 0.2324423 0.2235483 0.2175623 0.2000068 0.3045480 0.2834417 0.2968135 0.2961252 0.2961252 0.2692855 0.2704870 0.2344100 0.2788071 0.2781689 0.2815806 0.2775183 0.2712298 0.2656795 0.2594342 0.2555842 0.2555401 0.2636398 0.2749667 0.2501123 0.2408409 0.2590663 0.2673123 0.2628723 0.2689292 0.2725197 0.2747736 0.2723199 0.2891554 0.2921884 0.2906244 0.2788539 0.2708371 0.2657951 0.2540978 0.2560484 0.2554447 0.2593032 0.2587131 0.2549432 0.2431071 0.2310720 0.2336248 0.2374342 0.2459124 0.2447745 0.2063597 0.2168717 0.2191953 0.2166801 0.2349817 0.2097514 0.2798686 0.2814722 0.2870979 0.2785115 0.3302392 0.3040962 0.2906813 0.2681257 0.2818735 0.2508946 0.2661603 0.2623025 0.2623025 0.2706860 0.2703239 0.2717609 0.2593211 
ASV_78     0.2820365 0.3023299 0.0175323 0.0000000 0.2636543 0.1978064 0.1993123 0.1760599 0.2289948 0.2363133 0.2409343 0.2278056 0.2224032 0.1983531 0.1950756 0.1983531 0.2159402 0.2159402 0.2017107 0.1919210 0.2039674 0.1906387 0.2449977 0.2308529 0.2362608 0.2293204 0.2181964 0.2238618 0.2250044 0.2105625 0.2020083 0.3125702 0.2911902 0.3047428 0.3040429 0.3040429 0.2845345 0.2779726 0.2484592 0.2803366 0.2796796 0.2750481 0.2790241 0.2727167 0.2719086 0.2608216 0.2522229 0.2568950 0.2650445 0.2550521 0.2632854 0.2476383 0.2542303 0.2623772 0.2579935 0.2763993 0.2613053 0.2634474 0.2740196 0.2957843 0.2988479 0.2841813 0.2725387 0.2771559 0.2797631 0.2675092 0.2695962 0.2689609 0.2650704 0.2644609 0.2606042 0.2394935 0.2388423 0.2341506 0.2453540 0.2497068 0.2485326 0.2188604 0.2205893 0.2253143 0.2296681 0.2397064 0.2288794 0.2829306 0.2882261 0.2729647 0.2576301 0.3282295 0.2941672 0.2698170 0.2590064 0.2691277 0.2455666 0.2672841 0.2634521 0.2634521 0.2597753 0.2518026 0.2684005 0.2579587 
ASV_110    0.2748319 0.2622934 0.2835704 0.2636543 0.0000000 0.1692791 0.1870160 0.1681525 0.2078873 0.1559257 0.1500890 0.1445907 0.1603792 0.1859430 0.1849764 0.1820405 0.1507831 0.1542861 0.1644841 0.1819512 0.1765990 0.1799801 0.1679227 0.1769849 0.1678159 0.1778175 0.1765191 0.1759918 0.2131852 0.1672579 0.1931275 0.2190167 0.1920537 0.2101509 0.2033182 0.1987209 0.1662838 0.1740623 0.1404090 0.2342542 0.2336978 0.2295788 0.2331430 0.2345624 0.2151898 0.2242775 0.2084497 0.2194036 0.2267866 0.2359243 0.2163314 0.2203057 0.2254548 0.2328326 0.2288788 0.2446274 0.2535299 0.2485316 0.2442725 0.2424185 0.2274155 0.2510721 0.2282173 0.2312827 0.2641509 0.2361395 0.2419651 0.2332952 0.2298050 0.2292961 0.2258336 0.1920146 0.1884136 0.1859202 0.1782197 0.1774199 0.1808200 0.1831685 0.1634499 0.1737299 0.1642366 0.1945957 0.1996103 0.1407203 0.2042675 0.1869291 0.2252381 0.2298897 0.2297919 0.2127648 0.2260879 0.2132668 0.2014984 0.2050146 0.2050824 0.2081917 0.1961888 0.1827660 0.1852824 0.1900774 
ASV_16     0.2466347 0.2345072 0.2189410 0.1978064 0.1692791 0.0000000 0.0205186 0.0275404 0.1147518 0.0703515 0.0747705 0.0735287 0.0787737 0.1073674 0.1073564 0.1075890 0.0929196 0.0903576 0.0992059 0.1146952 0.0834546 0.0881143 0.0996803 0.1022132 0.1022132 0.0975892 0.0706190 0.0815398 0.0896886 0.0862514 0.0888829 0.2295942 0.1968087 0.2095717 0.2165031 0.2176332 0.1772578 0.1800479 0.1766949 0.2363359 0.2357782 0.2357782 0.2352221 0.2165878 0.1860513 0.2099386 0.2088203 0.2199757 0.2273782 0.2027387 0.2180495 0.2123524 0.2148106 0.2219464 0.2181288 0.2054585 0.2075007 0.2027158 0.1909953 0.2051221 0.2019345 0.1991554 0.2023854 0.1986905 0.2320126 0.2099544 0.2076691 0.1975829 0.1980494 0.2050131 0.2017383 0.2029285 0.1835933 0.1827027 0.1632049 0.1678135 0.1694514 0.1791757 0.1663514 0.1606157 0.1633648 0.1675127 0.1940558 0.1443930 0.1841603 0.1964392 0.1676173 0.1939254 0.2073793 0.1717498 0.1900388 0.1830389 0.1841148 0.1788730 0.1822489 0.1818458 0.1578470 0.1521586 0.1569128 0.1750474 
ASV_8      0.2390140 0.2235585 0.2103494 0.1993123 0.1870160 0.0205186 0.0000000 0.0203357 0.1178297 0.0605509 0.0647649 0.0809376 0.0825063 0.0927611 0.0927430 0.0929396 0.0873713 0.0848878 0.0934132 0.1098309 0.0833398 0.0857099 0.1068795 0.1154610 0.1181518 0.1122709 0.0764664 0.0876022 0.0953140 0.0806333 0.0784349 0.2278704 0.1950849 0.2041868 0.2110702 0.2121727 0.1673921 0.1748000 0.1675895 0.2364866 0.2359346 0.2359346 0.2353841 0.2169364 0.1832000 0.2066107 0.2054919 0.2193685 0.2188583 0.1924923 0.2174790 0.2053521 0.2077640 0.2109662 0.2072890 0.1985419 0.2042515 0.1995282 0.1880365 0.2019345 0.1988413 0.1924676 0.1956175 0.1955813 0.2203741 0.2065971 0.2043386 0.1944684 0.1949231 0.1980806 0.1985431 0.1998856 0.1912248 0.1902859 0.1702111 0.1749681 0.1766023 0.1732941 0.1702771 0.1644656 0.1672511 0.1715341 0.1876641 0.1639297 0.1832644 0.2081846 0.1843196 0.2125781 0.2230819 0.2008921 0.2035142 0.1981089 0.1856432 0.1969741 0.2005759 0.2001269 0.1601518 0.1574316 0.1702502 0.1750430 
ASV_106    0.2525143 0.2384184 0.1982447 0.1760599 0.1681525 0.0275404 0.0203357 0.0000000 0.1130763 0.0688774 0.0731911 0.0805985 0.0899414 0.1061316 0.1061202 0.1063432 0.0784593 0.0761176 0.0840741 0.0987189 0.0783093 0.0849373 0.1274408 0.1198411 0.1123438 0.1203105 0.0812008 0.0858190 0.0999431 0.0883166 0.0861172 0.2347337 0.2040364 0.2171489 0.2242807 0.2254720 0.1872273 0.1855946 0.1719188 0.2369398 0.2363917 0.2323496 0.2358451 0.2175358 0.1840506 0.2072854 0.2120823 0.2199473 0.2271876 0.2090011 0.2152029 0.2187781 0.2212458 0.2284612 0.2245968 0.2185941 0.2204774 0.2156762 0.1958843 0.2026350 0.1933335 0.2039936 0.1865850 0.2035281 0.2366874 0.2147519 0.2125095 0.2024701 0.1992782 0.2061197 0.2029031 0.2002028 0.2019199 0.1974742 0.1803495 0.1852453 0.1868465 0.1857962 0.1827428 0.1768549 0.1796779 0.1842680 0.2006769 0.1552811 0.1942206 0.1946064 0.1819700 0.2201868 0.2031851 0.1822080 0.2046503 0.2055741 0.1889359 0.1976576 0.1950819 0.1946530 0.1715151 0.1742631 0.1755886 0.1855351 
ASV_53     0.2289512 0.2400099 0.2398102 0.2289948 0.2078873 0.1147518 0.1178297 0.1130763 0.0000000 0.0784420 0.0786072 0.0775512 0.0856137 0.0902553 0.0854334 0.0876657 0.0804568 0.0829621 0.0622633 0.0715742 0.0631903 0.0781443 0.0992768 0.1046726 0.0943998 0.0984939 0.0738515 0.0828738 0.0719247 0.0713372 0.0687421 0.2262172 0.2102725 0.2093609 0.2161997 0.2210252 0.2064699 0.2148167 0.2026046 0.2271336 0.2228421 0.2190664 0.2223419 0.2207402 0.2143755 0.2165062 0.2237258 0.2254473 0.2325777 0.2429520 0.2138587 0.2466768 0.2288768 0.2283858 0.2322535 0.2525084 0.2512679 0.2507956 0.2143779 0.2185861 0.2097874 0.2140299 0.1998121 0.2098897 0.2450500 0.2320125 0.2376464 0.2238970 0.2205613 0.2200870 0.2167778 0.1889776 0.2087786 0.1971084 0.1879484 0.1863213 0.1813588 0.1846539 0.1916464 0.1976009 0.1944984 0.1968670 0.1954092 0.1863898 0.2286071 0.1807051 0.2157910 0.2623019 0.2189795 0.2179790 0.2359879 0.2225155 0.1910325 0.2343111 0.2382693 0.2377425 0.1909830 0.2064104 0.2013152 0.1699682 
ASV_45     0.2264084 0.2324666 0.2486197 0.2363133 0.1559257 0.0703515 0.0605509 0.0688774 0.0784420 0.0000000 0.0032776 0.0243563 0.0295876 0.0579307 0.0621529 0.0601278 0.0612075 0.0611064 0.0533369 0.0625947 0.0485519 0.0609151 0.0754358 0.0677480 0.0655561 0.0694774 0.0521420 0.0623471 0.0728069 0.0564927 0.0696436 0.2026034 0.1681555 0.1765854 0.1828677 0.1871590 0.1887992 0.1609719 0.1576697 0.2045623 0.2040935 0.2012954 0.2008329 0.2019811 0.1765128 0.1959211 0.1921921 0.2015504 0.2084179 0.2281829 0.2186611 0.2391357 0.2370602 0.2365492 0.2405056 0.2282518 0.2232560 0.2213539 0.1817576 0.1882720 0.1794133 0.1958335 0.1821891 0.1918280 0.2252334 0.2013127 0.1990915 0.1895376 0.1899749 0.1966297 0.1934944 0.1761646 0.1818368 0.1751610 0.1647339 0.1661886 0.1647339 0.1634871 0.1757716 0.1698947 0.1727116 0.1841579 0.1866256 0.1551193 0.2073281 0.1748240 0.1878919 0.2213190 0.1708688 0.1699190 0.1862878 0.1821817 0.1660834 0.1945616 0.1981634 0.1977167 0.1733110 0.1697231 0.1647127 0.1523366 
ASV_49     0.2230449 0.2290688 0.2491993 0.2409343 0.1500890 0.0747705 0.0647649 0.0731911 0.0786072 0.0032776 0.0000000 0.0207542 0.0259547 0.0620735 0.0663555 0.0643083 0.0653373 0.0652277 0.0534461 0.0627251 0.0486535 0.0610427 0.0753474 0.0721007 0.0698779 0.0738269 0.0543222 0.0646165 0.0729618 0.0606578 0.0697901 0.1960431 0.1620591 0.1703920 0.1765854 0.1807875 0.1824693 0.1550961 0.1517740 0.2050325 0.2045623 0.2017593 0.2012954 0.2024476 0.1799097 0.1963708 0.1926332 0.2020154 0.2088968 0.2286998 0.2191616 0.2386885 0.2375967 0.2370841 0.2410484 0.2278281 0.2228489 0.2209485 0.1883168 0.1879450 0.1791087 0.2026282 0.1887722 0.1914931 0.2248196 0.2009542 0.1987362 0.1892067 0.1896426 0.1962831 0.1931543 0.1700764 0.1756755 0.1691091 0.1589450 0.1603427 0.1589450 0.1575947 0.1697006 0.1760365 0.1666797 0.1778200 0.1870468 0.1493955 0.2077890 0.1752227 0.1944631 0.2180381 0.1712574 0.1761601 0.1927912 0.1886808 0.1602327 0.1942251 0.1978191 0.1973737 0.1672344 0.1638017 0.1644460 0.1581607 
ASV_18     0.2229426 0.2408007 0.2391858 0.2278056 0.1445907 0.0735287 0.0809376 0.0805985 0.0775512 0.0243563 0.0207542 0.0000000 0.0168816 0.0596314 0.0638523 0.0618306 0.0586778 0.0585825 0.0470705 0.0576584 0.0539730 0.0684354 0.0707369 0.0741447 0.0719121 0.0764439 0.0585134 0.0689416 0.0726440 0.0586863 0.0722453 0.2191166 0.1896607 0.1986532 0.2054145 0.2101393 0.1922301 0.1774500 0.1640602 0.2150688 0.2145737 0.2174580 0.2140801 0.2153207 0.1954025 0.2126043 0.1977319 0.2097555 0.2167702 0.2267136 0.2195909 0.2366866 0.2356178 0.2351065 0.2390772 0.2258069 0.2132488 0.2257145 0.2099760 0.2058570 0.1963187 0.2182365 0.2133873 0.2133873 0.2301340 0.2236753 0.2214101 0.2110093 0.2143723 0.2214906 0.2181537 0.1762738 0.1965029 0.1947556 0.1807301 0.1823703 0.1807301 0.1503283 0.1652740 0.1714944 0.1623034 0.1666263 0.1664764 0.1295842 0.1876803 0.1752227 0.1758837 0.2147373 0.1933715 0.1842772 0.1943640 0.1848786 0.1652944 0.1874111 0.1908938 0.1904690 0.1507269 0.1558253 0.1502153 0.1523807 
ASV_42     0.2190942 0.2262888 0.2381749 0.2224032 0.1603792 0.0787737 0.0825063 0.0899414 0.0856137 0.0295876 0.0259547 0.0168816 0.0000000 0.0553954 0.0595453 0.0575510 0.0587967 0.0587010 0.0471662 0.0601143 0.0584930 0.0625692 0.0686062 0.0588866 0.0651688 0.0586786 0.0521321 0.0623341 0.0658241 0.0581995 0.0630589 0.2267511 0.1908881 0.1998252 0.2065478 0.2112504 0.1866447 0.1787173 0.1775741 0.2087317 0.2082539 0.2045623 0.2077775 0.2126759 0.1930656 0.2100214 0.2069814 0.2007887 0.2076127 0.2281700 0.2311995 0.2372330 0.2361553 0.2356424 0.2396210 0.2273098 0.2108698 0.2232882 0.2001372 0.2033626 0.2002542 0.2017748 0.2107504 0.2034324 0.2156579 0.2133197 0.2073610 0.2011024 0.1979249 0.2047338 0.2015315 0.1710098 0.1900367 0.1824152 0.1748159 0.1763786 0.1748159 0.1591901 0.1744862 0.1808552 0.1714541 0.1760854 0.1759193 0.1556159 0.2056815 0.1799885 0.1805462 0.2310616 0.2122174 0.2024721 0.2022314 0.2040036 0.1580083 0.2055267 0.2091883 0.2087237 0.1665844 0.1662411 0.1669282 0.1597396 
ASV_26     0.2409673 0.2616501 0.1986759 0.1983531 0.1859430 0.1073674 0.0927611 0.1061316 0.0902553 0.0579307 0.0620735 0.0596314 0.0553954 0.0000000 0.0032749 0.0016338 0.0541645 0.0540757 0.0439933 0.0451555 0.0674592 0.0668210 0.0689985 0.0596165 0.0613255 0.0572259 0.0656057 0.0857166 0.0843676 0.0585774 0.0612770 0.2515070 0.2136258 0.2126573 0.2196382 0.2245797 0.1912387 0.2005317 0.1888293 0.2420419 0.2455898 0.2486695 0.2450282 0.2393012 0.2222847 0.2377510 0.2269959 0.2287240 0.2282022 0.2268275 0.2425097 0.2324694 0.2370292 0.2325170 0.2364872 0.2358145 0.2488334 0.2463135 0.2263073 0.2347189 0.2309659 0.2259570 0.2254400 0.2224828 0.2463675 0.2492624 0.2429151 0.2328115 0.2363217 0.2397553 0.2402995 0.2103894 0.1969013 0.1986228 0.1903607 0.1860904 0.1844073 0.1587943 0.1706695 0.1674421 0.1701784 0.1751277 0.1843915 0.1895978 0.2261188 0.2073692 0.2117764 0.2296551 0.2456332 0.2259011 0.2082862 0.2105118 0.2002520 0.2144531 0.2181745 0.2176944 0.1791608 0.1948515 0.1808586 0.1857654 
ASV_92     0.2426186 0.2558947 0.1953904 0.1950756 0.1849764 0.1073564 0.0927430 0.1061202 0.0854334 0.0621529 0.0663555 0.0638523 0.0595453 0.0032749 0.0000000 0.0016285 0.0518646 0.0540523 0.0399680 0.0411797 0.0676525 0.0670104 0.0711458 0.0593780 0.0610809 0.0569993 0.0657933 0.0836431 0.0822807 0.0583477 0.0610329 0.2431358 0.2124464 0.2114862 0.2184228 0.2233278 0.1868386 0.1994574 0.1819266 0.2455898 0.2491606 0.2522574 0.2485924 0.2428412 0.2256522 0.2412709 0.2304094 0.2321314 0.2316032 0.2302517 0.2411256 0.2311468 0.2356717 0.2311907 0.2351343 0.2322756 0.2452180 0.2427073 0.2297075 0.2381894 0.2343735 0.2293493 0.2288260 0.2258557 0.2427628 0.2456482 0.2393326 0.2293230 0.2328115 0.2362224 0.2367601 0.2092696 0.1897875 0.1915172 0.1834583 0.1851244 0.1834583 0.1649809 0.1770724 0.1737828 0.1765646 0.1817435 0.1834407 0.1865862 0.2228342 0.2026203 0.2071146 0.2215993 0.2403330 0.2209163 0.2009156 0.2030459 0.1931482 0.2097052 0.2133711 0.2129023 0.1762337 0.1918199 0.1766079 0.1789776 
ASV_25     0.2390984 0.2596105 0.1986759 0.1983531 0.1820405 0.1075890 0.0929396 0.1063432 0.0876657 0.0601278 0.0643083 0.0618306 0.0575510 0.0016338 0.0016285 0.0000000 0.0519718 0.0541645 0.0419016 0.0430879 0.0697801 0.0691166 0.0689985 0.0573230 0.0590298 0.0549659 0.0679215 0.0858776 0.0845266 0.0563334 0.0589851 0.2466406 0.2092249 0.2082768 0.2151694 0.2200291 0.1872544 0.1963810 0.1849122 0.2420419 0.2455898 0.2486695 0.2450282 0.2393012 0.2222847 0.2377510 0.2269959 0.2287240 0.2282022 0.2268275 0.2376644 0.2277441 0.2322253 0.2277794 0.2316943 0.2358145 0.2488334 0.2463135 0.2263073 0.2347189 0.2309659 0.2259570 0.2254400 0.2224828 0.2463675 0.2492624 0.2429151 0.2328115 0.2363217 0.2397553 0.2402995 0.2061767 0.1928499 0.1945730 0.1864414 0.1821922 0.1805540 0.1622275 0.1742450 0.1709769 0.1737436 0.1788303 0.1805339 0.1895978 0.2261188 0.2030792 0.2075677 0.2250069 0.2408639 0.2214080 0.2040683 0.2062355 0.1962007 0.2101681 0.2138413 0.2133711 0.1791608 0.1948515 0.1770026 0.1819188 
ASV_20     0.2436737 0.2601377 0.2381614 0.2159402 0.1507831 0.0929196 0.0873713 0.0784593 0.0804568 0.0612075 0.0653373 0.0586778 0.0587967 0.0541645 0.0518646 0.0519718 0.0000000 0.0016337 0.0277430 0.0495964 0.0647119 0.0731366 0.0931956 0.0771493 0.0728094 0.0747967 0.0743420 0.0926123 0.0950154 0.0651534 0.0699721 0.2424171 0.2149807 0.2177975 0.2249647 0.2300609 0.1836622 0.2057252 0.1840806 0.2507998 0.2502274 0.2460798 0.2496565 0.2480328 0.2183855 0.2366808 0.2299003 0.2381070 0.2456265 0.2471032 0.2397070 0.2517581 0.2463513 0.2458127 0.2499094 0.2261409 0.2240923 0.2340238 0.2235949 0.2280278 0.2176729 0.2295845 0.2106726 0.2290551 0.2366324 0.2409702 0.2267074 0.2246917 0.2213011 0.2286021 0.2251839 0.1979346 0.2075759 0.1994407 0.1944921 0.1970503 0.1952505 0.1858179 0.1901156 0.1866254 0.1895635 0.1992467 0.1901357 0.1614930 0.2158569 0.1647673 0.1811597 0.2451353 0.2067370 0.1942611 0.2205929 0.2076645 0.1859168 0.2129057 0.2165965 0.2161217 0.2028111 0.1928602 0.1681951 0.1745862 
ASV_23     0.2455869 0.2622013 0.2381614 0.2159402 0.1542861 0.0903576 0.0848878 0.0761176 0.0829621 0.0611064 0.0652277 0.0585825 0.0587010 0.0540757 0.0540523 0.0541645 0.0016337 0.0000000 0.0296502 0.0517530 0.0646013 0.0730079 0.0931956 0.0796517 0.0752713 0.0772715 0.0742087 0.0900625 0.0923872 0.0674986 0.0723831 0.2473081 0.2195377 0.2223837 0.2296435 0.2348257 0.1875874 0.2100786 0.1880710 0.2507998 0.2502274 0.2460798 0.2496565 0.2480328 0.2183855 0.2366808 0.2299003 0.2381070 0.2456265 0.2471032 0.2445935 0.2569094 0.2513653 0.2508144 0.2549691 0.2261409 0.2240923 0.2340238 0.2235949 0.2280278 0.2176729 0.2295845 0.2106726 0.2290551 0.2366324 0.2409702 0.2267074 0.2246917 0.2213011 0.2286021 0.2251839 0.2021206 0.2118827 0.2036253 0.1985369 0.2011607 0.1993142 0.1853263 0.1896058 0.1861289 0.1890562 0.1986895 0.1942080 0.1614930 0.2158569 0.1684772 0.1850301 0.2500809 0.2110249 0.1984077 0.2251193 0.2120320 0.1898299 0.2172191 0.2209587 0.2204739 0.2028111 0.1928602 0.1719012 0.1783743 
ASV_69     0.2370806 0.2511098 0.2111511 0.2017107 0.1644841 0.0992059 0.0934132 0.0840741 0.0622633 0.0533369 0.0534461 0.0470705 0.0471662 0.0439933 0.0399680 0.0419016 0.0277430 0.0296502 0.0000000 0.0187988 0.0449078 0.0526517 0.0927382 0.0770342 0.0726998 0.0746848 0.0587462 0.0760227 0.0699461 0.0628621 0.0565202 0.2421036 0.2138094 0.2166138 0.2237447 0.2288101 0.1961692 0.2078045 0.1834591 0.2390763 0.2385370 0.2345717 0.2379991 0.2363944 0.2248362 0.2256343 0.2201311 0.2270704 0.2342651 0.2356083 0.2286247 0.2479933 0.2348961 0.2343929 0.2383061 0.2330631 0.2308986 0.2409061 0.2373965 0.2379837 0.2273243 0.2436468 0.2241760 0.2390512 0.2435704 0.2397978 0.2335688 0.2237680 0.2204280 0.2276188 0.2242516 0.2041691 0.2184676 0.2100643 0.2021040 0.2031768 0.2013161 0.1788059 0.1951748 0.1846625 0.1882871 0.2044953 0.1826530 0.1629926 0.2105131 0.1827524 0.2278051 0.2492230 0.2207270 0.2127511 0.2068826 0.1944419 0.1865079 0.2218161 0.2256535 0.2251523 0.1955290 0.1916720 0.1879845 0.1810407 
ASV_109    0.2461348 0.2607092 0.1909374 0.1919210 0.1819512 0.1146952 0.1098309 0.0987189 0.0715742 0.0625947 0.0627251 0.0576584 0.0601143 0.0451555 0.0411797 0.0430879 0.0495964 0.0517530 0.0187988 0.0000000 0.0533046 0.0520897 0.0870729 0.0763427 0.0792625 0.0863036 0.0738908 0.0920321 0.0797832 0.0755854 0.0689990 0.2498523 0.2210709 0.2239133 0.2311710 0.2363586 0.2064124 0.2111092 0.1847016 0.2377442 0.2412241 0.2372031 0.2406767 0.2350445 0.2338269 0.2281295 0.2187505 0.2195712 0.2266490 0.2365605 0.2355230 0.2526835 0.2449267 0.2444025 0.2484006 0.2443945 0.2497574 0.2593442 0.2508671 0.2442961 0.2333694 0.2605526 0.2332415 0.2484769 0.2604567 0.2491539 0.2428061 0.2327033 0.2292890 0.2366519 0.2332093 0.2151474 0.2099641 0.2053458 0.2030118 0.2040945 0.2022170 0.1796997 0.1959925 0.1855246 0.1891309 0.1997123 0.1885462 0.1726396 0.2264395 0.1981263 0.2244905 0.2479766 0.2258412 0.2216097 0.2154822 0.2028767 0.1932197 0.2269076 0.2307712 0.2302625 0.2073035 0.2040605 0.1943363 0.1857842 
ASV_59     0.2521087 0.2524483 0.2269279 0.2039674 0.1765990 0.0834546 0.0833398 0.0783093 0.0631903 0.0485519 0.0486535 0.0539730 0.0584930 0.0674592 0.0676525 0.0697801 0.0647119 0.0646013 0.0449078 0.0533046 0.0000000 0.0102765 0.0954880 0.0739109 0.0647867 0.0693126 0.0577220 0.0775116 0.0607886 0.0505113 0.0629456 0.2436790 0.2110709 0.2206854 0.2279715 0.2331665 0.2073229 0.2016072 0.1741982 0.2298905 0.2293600 0.2254078 0.2288309 0.2232663 0.2078111 0.2171932 0.2204154 0.2102760 0.2173088 0.2361001 0.2248887 0.2453759 0.2412274 0.2488167 0.2447395 0.2422604 0.2442189 0.2420336 0.2296268 0.2331980 0.2226085 0.2353509 0.2148987 0.2295516 0.2494742 0.2305910 0.2322845 0.2214204 0.2180437 0.2214204 0.2180437 0.1975390 0.2009553 0.1928664 0.1854180 0.1864007 0.1846914 0.1823672 0.1828160 0.1726640 0.1762105 0.1867140 0.1866004 0.1610215 0.2055828 0.1798275 0.2015231 0.2250992 0.2143110 0.1995533 0.1896531 0.1844291 0.1789605 0.2070893 0.2107879 0.2103172 0.1817207 0.1755232 0.1827561 0.1721571 
ASV_87     0.2809023 0.2662071 0.2054273 0.1906387 0.1799801 0.0881143 0.0857099 0.0849373 0.0781443 0.0609151 0.0610427 0.0684354 0.0625692 0.0668210 0.0670104 0.0691166 0.0731366 0.0730079 0.0526517 0.0520897 0.0102765 0.0000000 0.0843054 0.0753037 0.0829356 0.0808647 0.0593671 0.0791080 0.0522692 0.0508276 0.0633461 0.2659469 0.2247568 0.2346860 0.2422428 0.2476905 0.2055715 0.2103607 0.1801384 0.2418950 0.2413406 0.2372792 0.2407877 0.2351241 0.2109154 0.2203268 0.2192196 0.2091410 0.2161302 0.2269690 0.2343614 0.2399151 0.2358814 0.2433565 0.2393436 0.2435693 0.2483101 0.2474539 0.2301247 0.2418072 0.2391804 0.2393542 0.2347634 0.2347634 0.2544875 0.2350911 0.2327914 0.2219000 0.2185166 0.2257986 0.2223875 0.2077306 0.1987377 0.1907680 0.1895634 0.1940546 0.1888171 0.1813365 0.1817655 0.1717002 0.1752208 0.1886483 0.1941624 0.1766258 0.2165127 0.1977425 0.2043370 0.2494230 0.2395221 0.2235576 0.2035006 0.2052910 0.1842359 0.2222523 0.2261361 0.2256284 0.1967777 0.1962694 0.1834721 0.1731647 
ASV_378    0.2388838 0.2579678 0.2395722 0.2449977 0.1679227 0.0996803 0.1068795 0.1274408 0.0992768 0.0754358 0.0753474 0.0707369 0.0686062 0.0689985 0.0711458 0.0689985 0.0931956 0.0931956 0.0927382 0.0870729 0.0954880 0.0843054 0.0000000 0.0328400 0.0428429 0.0409457 0.0665159 0.0777973 0.0912744 0.0736330 0.0951535 0.2174053 0.1817471 0.1896536 0.1962158 0.1917194 0.1978098 0.1962031 0.1990311 0.2612102 0.2649093 0.2649093 0.2643063 0.2541441 0.2374072 0.2600372 0.2490755 0.2504433 0.2426736 0.2404625 0.2504561 0.2307347 0.2412443 0.2337082 0.2376827 0.2404443 0.2461017 0.2511540 0.2378572 0.2384279 0.2371246 0.2330208 0.2459169 0.2337455 0.2503409 0.2518414 0.2537220 0.2421138 0.2426717 0.2390557 0.2426717 0.2010264 0.1814086 0.1856403 0.1820984 0.1665025 0.1787892 0.1884696 0.1876045 0.1908971 0.1870491 0.1828372 0.2057231 0.1517755 0.2131206 0.2105684 0.2249145 0.2242437 0.2426849 0.2165161 0.2159347 0.2083231 0.2017305 0.2209529 0.2210237 0.2242716 0.1922259 0.1916116 0.1896962 0.1740180 
ASV_86     0.2512951 0.2510725 0.2377606 0.2308529 0.1769849 0.1022132 0.1154610 0.1198411 0.1046726 0.0677480 0.0721007 0.0741447 0.0588866 0.0596165 0.0593780 0.0573230 0.0771493 0.0796517 0.0770342 0.0763427 0.0739109 0.0753037 0.0328400 0.0000000 0.0100297 0.0083501 0.0518581 0.0643873 0.0644364 0.0624294 0.0718810 0.2425604 0.2010544 0.2037466 0.2105392 0.2153086 0.2023824 0.2076481 0.2175788 0.2441498 0.2477089 0.2477089 0.2513135 0.2455287 0.2207885 0.2463976 0.2558143 0.2491306 0.2496061 0.2626271 0.2678043 0.2667261 0.2738814 0.2699762 0.2699762 0.2584094 0.2672272 0.2697452 0.2200216 0.2282726 0.2258392 0.2249376 0.2283473 0.2244469 0.2523299 0.2412354 0.2349200 0.2279237 0.2245210 0.2249376 0.2284219 0.2034280 0.1861053 0.1852033 0.1808981 0.1735229 0.1751488 0.1946032 0.1868626 0.1834045 0.1863186 0.1903999 0.2039382 0.1656354 0.2392064 0.1992988 0.2377893 0.2492678 0.2565609 0.2212180 0.2209495 0.2275516 0.2047649 0.2325709 0.2364970 0.2359757 0.2191342 0.2214504 0.2071117 0.1926495 
ASV_9      0.2480285 0.2478329 0.2432621 0.2362608 0.1678159 0.1022132 0.1181518 0.1123438 0.0943998 0.0655561 0.0698779 0.0719121 0.0651688 0.0613255 0.0610809 0.0590298 0.0728094 0.0752713 0.0726998 0.0792625 0.0647867 0.0829356 0.0428429 0.0100297 0.0000000 0.0049414 0.0518581 0.0643873 0.0669391 0.0644239 0.0739242 0.2257416 0.1990208 0.2016841 0.2083949 0.2130974 0.2059413 0.1984367 0.2074607 0.2334511 0.2369048 0.2369048 0.2404057 0.2347532 0.2131426 0.2382277 0.2515636 0.2449622 0.2454289 0.2670016 0.2560385 0.2711387 0.2783531 0.2744136 0.2744136 0.2598233 0.2794329 0.2711153 0.2268366 0.2273258 0.2181753 0.2225725 0.2153564 0.2259403 0.2579323 0.2483958 0.2420185 0.2348661 0.2314217 0.2318524 0.2353792 0.1978995 0.1921035 0.1911685 0.1824284 0.1750895 0.1767012 0.1980833 0.1902219 0.1867328 0.1896699 0.1973513 0.2054323 0.1616197 0.2431349 0.2013315 0.2457262 0.2426018 0.2388222 0.2089623 0.2223697 0.2213963 0.2118061 0.2301746 0.2340522 0.2335391 0.2169259 0.2214504 0.2204171 0.1980798 
ASV_31     0.2460844 0.2459049 0.2404136 0.2293204 0.1778175 0.0975892 0.1122709 0.1203105 0.0984939 0.0694774 0.0738269 0.0764439 0.0586786 0.0572259 0.0569993 0.0549659 0.0747967 0.0772715 0.0746848 0.0863036 0.0693126 0.0808647 0.0409457 0.0083501 0.0049414 0.0000000 0.0499700 0.0624534 0.0649272 0.0578217 0.0670480 0.2311620 0.1980183 0.2006670 0.2073369 0.2120059 0.1978232 0.1974387 0.2127814 0.2321871 0.2356191 0.2356191 0.2390983 0.2334766 0.2120157 0.2369292 0.2501613 0.2436104 0.2440726 0.2536306 0.2620038 0.2576438 0.2646688 0.2608391 0.2608391 0.2466717 0.2657112 0.2576408 0.2179519 0.2261080 0.2237155 0.2138002 0.2208850 0.2170952 0.2481886 0.2389280 0.2326700 0.2257655 0.2223969 0.2228064 0.2262559 0.1969212 0.1844906 0.1836046 0.1752206 0.1679899 0.1696060 0.1875115 0.1800238 0.1766324 0.1794970 0.1868020 0.1946145 0.1710215 0.2404482 0.2023798 0.2390724 0.2438953 0.2470580 0.2164001 0.2161314 0.2225488 0.2037207 0.2238339 0.2276657 0.2271635 0.2107236 0.2151693 0.2140416 0.1935773 
ASV_28     0.2418805 0.2525550 0.2267028 0.2181964 0.1765191 0.0706190 0.0764664 0.0812008 0.0738515 0.0521420 0.0543222 0.0585134 0.0521321 0.0656057 0.0657933 0.0679215 0.0743420 0.0742087 0.0587462 0.0738908 0.0577220 0.0593671 0.0665159 0.0518581 0.0518581 0.0499700 0.0000000 0.0151466 0.0448998 0.0642086 0.0572911 0.2122770 0.1862938 0.1889056 0.1954292 0.1999434 0.2026129 0.1906045 0.1950397 0.2249643 0.2283117 0.2283117 0.2317074 0.2223412 0.2067822 0.2194974 0.2383040 0.2281110 0.2285354 0.2405127 0.2449500 0.2611323 0.2503435 0.2425541 0.2466673 0.2439600 0.2557537 0.2506577 0.2104853 0.2214170 0.2190865 0.2027462 0.2224080 0.2185809 0.2384043 0.2268729 0.2246090 0.2141225 0.2108358 0.2112196 0.2145854 0.1993857 0.1793047 0.1784436 0.1750252 0.1702411 0.1718703 0.1668774 0.1643083 0.1627876 0.1634101 0.1654293 0.1895163 0.1596757 0.2100445 0.1778915 0.2106405 0.2452745 0.2250291 0.2124807 0.2041002 0.2101456 0.1837453 0.2154471 0.2192282 0.2187396 0.1756757 0.1845011 0.1927729 0.1721952 
ASV_657    0.2471543 0.2506151 0.2324423 0.2238618 0.1759918 0.0815398 0.0876022 0.0858190 0.0828738 0.0623471 0.0646165 0.0689416 0.0623341 0.0857166 0.0836431 0.0858776 0.0926123 0.0900625 0.0760227 0.0920321 0.0775116 0.0791080 0.0777973 0.0643873 0.0643873 0.0624534 0.0151466 0.0000000 0.0593981 0.0820879 0.0746416 0.2071509 0.2015504 0.2077772 0.2010307 0.2020484 0.2047090 0.2058764 0.1971507 0.2160955 0.2193668 0.2193668 0.2226878 0.2135089 0.1983461 0.2108040 0.2289690 0.2190802 0.2194834 0.2462920 0.2506598 0.2671477 0.2561779 0.2483265 0.2524753 0.2498616 0.2617020 0.2566054 0.2158947 0.2269203 0.2245319 0.2080891 0.2279302 0.2240712 0.2441272 0.2324375 0.2301801 0.2195637 0.2162569 0.2166506 0.2200370 0.2049616 0.1813413 0.1837345 0.1802069 0.1722458 0.1738644 0.1631721 0.1606742 0.1591950 0.1598016 0.1799013 0.2012885 0.1616628 0.2185277 0.1766022 0.1956901 0.2394661 0.2195907 0.2073378 0.1991166 0.2049668 0.1791633 0.2102538 0.2139710 0.2134951 0.1712003 0.1798951 0.1879382 0.1677175 
ASV_34     0.2400841 0.2310109 0.2235483 0.2250044 0.2131852 0.0896886 0.0953140 0.0999431 0.0719247 0.0728069 0.0729618 0.0726440 0.0658241 0.0843676 0.0822807 0.0845266 0.0950154 0.0923872 0.0699461 0.0797832 0.0607886 0.0522692 0.0912744 0.0644364 0.0669391 0.0649272 0.0448998 0.0593981 0.0000000 0.0495512 0.0455897 0.2350412 0.2213349 0.2136793 0.2207569 0.2257713 0.2055183 0.1641153 0.1863976 0.2041995 0.2037336 0.2037336 0.2069253 0.2016656 0.1888346 0.2017805 0.2035452 0.2058873 0.2062573 0.2183237 0.2240850 0.2313214 0.2288995 0.2293269 0.2254013 0.2221336 0.2274589 0.2232919 0.1911849 0.2082401 0.2013250 0.1921151 0.2100779 0.2027240 0.2098094 0.2057751 0.2035208 0.1936951 0.1905367 0.1908761 0.1941104 0.1817594 0.1853481 0.1810687 0.1733835 0.1775729 0.1727173 0.1729308 0.1799282 0.1697545 0.1733199 0.1674168 0.1611821 0.1705748 0.2143503 0.1878317 0.2125243 0.2645406 0.2425439 0.2357145 0.2220441 0.2288385 0.1952351 0.2508012 0.2550343 0.2544591 0.1863934 0.1918299 0.2181180 0.2005547 
ASV_21     0.2463022 0.2313439 0.2175623 0.2105625 0.1672579 0.0862514 0.0806333 0.0883166 0.0713372 0.0564927 0.0606578 0.0586863 0.0581995 0.0585774 0.0583477 0.0563334 0.0651534 0.0674986 0.0628621 0.0755854 0.0505113 0.0508276 0.0736330 0.0624294 0.0644239 0.0578217 0.0642086 0.0820879 0.0495512 0.0000000 0.0258550 0.2134001 0.1879920 0.1871722 0.1937133 0.1982320 0.1604808 0.1550975 0.1491396 0.2028976 0.2024304 0.2052398 0.2019645 0.1966949 0.1775821 0.2004235 0.1820901 0.1851304 0.1916550 0.1920012 0.1873858 0.1825305 0.1876404 0.1943035 0.1907573 0.2149254 0.2104346 0.2094279 0.1730950 0.1898828 0.1870255 0.1881381 0.1937258 0.1840894 0.2092238 0.2043617 0.2058087 0.1959555 0.1992006 0.2023942 0.1992006 0.1581277 0.1571236 0.1557989 0.1468327 0.1511022 0.1468327 0.1475327 0.1447045 0.1392672 0.1418746 0.1438276 0.1413040 0.1629906 0.1877202 0.1937368 0.1932950 0.2451710 0.2431666 0.2164058 0.2093213 0.2065896 0.1694551 0.2021428 0.2058546 0.2053868 0.1756295 0.1707760 0.1829374 0.1708552 
ASV_427    0.2175620 0.2107198 0.2000068 0.2020083 0.1931275 0.0888829 0.0784349 0.0861172 0.0687421 0.0696436 0.0697901 0.0722453 0.0630589 0.0612770 0.0610329 0.0589851 0.0699721 0.0723831 0.0565202 0.0689990 0.0629456 0.0633461 0.0951535 0.0718810 0.0739242 0.0670480 0.0572911 0.0746416 0.0455897 0.0258550 0.0000000 0.2261842 0.1928815 0.1920358 0.1986846 0.2033005 0.1681907 0.1655812 0.1600988 0.2141115 0.2136212 0.2164846 0.2131322 0.2114943 0.1979399 0.2079070 0.1953295 0.2020062 0.2087830 0.2073137 0.2015012 0.2138260 0.2019801 0.2087883 0.2051544 0.2254180 0.2276810 0.2265673 0.1885109 0.2090038 0.2057737 0.2078618 0.2026987 0.1963228 0.2263245 0.2182875 0.2160387 0.2095560 0.2128904 0.2161725 0.2128904 0.1813918 0.1743454 0.1728390 0.1687104 0.1677117 0.1631056 0.1650931 0.1596774 0.1620348 0.1592066 0.1494869 0.1480181 0.1611712 0.2027413 0.1928034 0.2089045 0.2530596 0.2382647 0.2233268 0.2228129 0.2200281 0.1814414 0.2115906 0.2153705 0.2148854 0.1818398 0.1836500 0.2012138 0.1898138 
ASV_64     0.2419261 0.2198684 0.3045480 0.3125702 0.2190167 0.2295942 0.2278704 0.2347337 0.2262172 0.2026034 0.1960431 0.2191166 0.2267511 0.2515070 0.2431358 0.2466406 0.2424171 0.2473081 0.2421036 0.2498523 0.2436790 0.2659469 0.2174053 0.2425604 0.2257416 0.2311620 0.2122770 0.2071509 0.2350412 0.2134001 0.2261842 0.0000000 0.0525384 0.0466013 0.0427428 0.0406530 0.1210900 0.0868607 0.1082248 0.1826720 0.1889457 0.1863336 0.1859209 0.1736989 0.1925954 0.1944132 0.2037208 0.1983083 0.1986540 0.2373316 0.2190780 0.2238660 0.2291825 0.2295855 0.2258875 0.2084512 0.2360937 0.2201023 0.2105954 0.2187230 0.2091386 0.2047186 0.2098352 0.2055025 0.2094054 0.1966223 0.2148071 0.2107541 0.2112195 0.2044950 0.2076649 0.1734210 0.1559362 0.1602557 0.1343652 0.1287899 0.1421943 0.1831318 0.1692844 0.1746154 0.1710408 0.1841808 0.1978214 0.1574055 0.1861322 0.1459725 0.1965179 0.2042930 0.1695780 0.1645504 0.1704477 0.1753745 0.1408322 0.1606153 0.1582165 0.1609697 0.1484974 0.1536110 0.1946300 0.1535169 
ASV_54     0.2369046 0.2271852 0.2834417 0.2911902 0.1920537 0.1968087 0.1950849 0.2040364 0.2102725 0.1681555 0.1620591 0.1896607 0.1908881 0.2136258 0.2124464 0.2092249 0.2149807 0.2195377 0.2138094 0.2210709 0.2110709 0.2247568 0.1817471 0.2010544 0.1990208 0.1980183 0.1862938 0.2015504 0.2213349 0.1879920 0.1928815 0.0525384 0.0000000 0.0115672 0.0149563 0.0132004 0.1147034 0.0815079 0.1026314 0.1865064 0.1929362 0.1902659 0.1898388 0.1773183 0.1897620 0.1916086 0.2045583 0.1990494 0.2058281 0.2548644 0.2348467 0.2330674 0.2387486 0.2461527 0.2421767 0.2381961 0.2691933 0.2512678 0.2335402 0.2169976 0.2181211 0.2171203 0.2114742 0.2078336 0.2390156 0.2326141 0.2382053 0.2274508 0.2279630 0.2274773 0.2241553 0.1566143 0.1626679 0.1671894 0.1494116 0.1328217 0.1464940 0.2036593 0.1851545 0.2005536 0.1905623 0.1764750 0.1924431 0.1635133 0.2131176 0.1723839 0.2164654 0.2052232 0.2018289 0.1838856 0.1928411 0.1876925 0.1693473 0.1855313 0.1829658 0.1859478 0.1879236 0.1935718 0.2230013 0.1760891 
ASV_91     0.2393685 0.2333611 0.2968135 0.3047428 0.2101509 0.2095717 0.2041868 0.2171489 0.2093609 0.1765854 0.1703920 0.1986532 0.1998252 0.2126573 0.2114862 0.2082768 0.2177975 0.2223837 0.2166138 0.2239133 0.2206854 0.2346860 0.1896536 0.2037466 0.2016841 0.2006670 0.1889056 0.2077772 0.2136793 0.1871722 0.1920358 0.0466013 0.0115672 0.0000000 0.0032408 0.0048932 0.1108167 0.0751338 0.1076329 0.1976846 0.2042373 0.2015351 0.2010881 0.1883474 0.2011542 0.2029793 0.2164474 0.2107531 0.2111286 0.2564667 0.2446203 0.2427538 0.2486001 0.2490572 0.2450588 0.2397887 0.2707766 0.2528555 0.2274243 0.2223254 0.2234758 0.2159055 0.2167782 0.2131096 0.2405956 0.2410702 0.2467749 0.2328992 0.2334195 0.2261863 0.2295813 0.1559842 0.1540707 0.1539812 0.1435915 0.1339318 0.1448222 0.1930507 0.1752095 0.1901389 0.1803943 0.1698384 0.1855526 0.1668003 0.2019688 0.1643141 0.2141938 0.2060025 0.2089583 0.1986108 0.1981343 0.1928411 0.1718167 0.1915308 0.1923882 0.1919588 0.1842786 0.1898777 0.2266948 0.1826092 
ASV_84     0.2388245 0.2261750 0.2961252 0.3040429 0.2033182 0.2165031 0.2110702 0.2242807 0.2161997 0.1828677 0.1765854 0.2054145 0.2065478 0.2196382 0.2184228 0.2151694 0.2249647 0.2296435 0.2237447 0.2311710 0.2279715 0.2422428 0.1962158 0.2105392 0.2083949 0.2073369 0.1954292 0.2010307 0.2207569 0.1937133 0.1986846 0.0427428 0.0149563 0.0032408 0.0000000 0.0016213 0.1157702 0.0793703 0.1027695 0.1911615 0.1976180 0.1949447 0.1945108 0.1819463 0.1944934 0.1963241 0.2094391 0.2038744 0.2042352 0.2642970 0.2521007 0.2501634 0.2561475 0.2566199 0.2525531 0.2472185 0.2788056 0.2605387 0.2346322 0.2293597 0.2305527 0.2228297 0.2237454 0.2200168 0.2479848 0.2484764 0.2543097 0.2401581 0.2406921 0.2333464 0.2367897 0.1616272 0.1598098 0.1597116 0.1490381 0.1392866 0.1503280 0.1865415 0.1690897 0.1837455 0.1741432 0.1760141 0.1919473 0.1606966 0.2087024 0.1583224 0.2073696 0.1993064 0.2021797 0.1920607 0.1915968 0.1864307 0.1657524 0.1850890 0.1859205 0.1855041 0.1778870 0.1834223 0.2196437 0.1763567 
ASV_88     0.2441535 0.2311606 0.2961252 0.3040429 0.1987209 0.2176332 0.2121727 0.2254720 0.2210252 0.1871590 0.1807875 0.2101393 0.2112504 0.2245797 0.2233278 0.2200291 0.2300609 0.2348257 0.2288101 0.2363586 0.2331665 0.2476905 0.1917194 0.2153086 0.2130974 0.2120059 0.1999434 0.2020484 0.2257713 0.1982320 0.2033005 0.0406530 0.0132004 0.0048932 0.0016213 0.0000000 0.1126811 0.0790859 0.0998564 0.1911615 0.1976180 0.1949447 0.1945108 0.1819463 0.1944934 0.1963241 0.2094391 0.2038744 0.2042352 0.2642970 0.2507539 0.2488360 0.2547748 0.2552429 0.2512022 0.2472185 0.2788056 0.2605387 0.2346322 0.2293597 0.2305527 0.2228297 0.2237454 0.2200168 0.2479848 0.2484764 0.2543097 0.2401581 0.2406921 0.2333464 0.2367897 0.1653882 0.1590788 0.1635231 0.1526131 0.1358401 0.1496625 0.1908965 0.1731084 0.1880106 0.1782710 0.1802015 0.1963564 0.1606966 0.2087024 0.1622088 0.2084223 0.1948177 0.1976232 0.1876986 0.1906541 0.1855258 0.1649744 0.1841851 0.1816387 0.1845967 0.1778870 0.1834223 0.2185169 0.1722570 
ASV_101    0.2374497 0.2129309 0.2692855 0.2845345 0.1662838 0.1772578 0.1673921 0.1872273 0.2064699 0.1887992 0.1824693 0.1922301 0.1866447 0.1912387 0.1868386 0.1872544 0.1836622 0.1875874 0.1961692 0.2064124 0.2073229 0.2055715 0.1978098 0.2023824 0.2059413 0.1978232 0.2026129 0.2047090 0.2055183 0.1604808 0.1681907 0.1210900 0.1147034 0.1108167 0.1157702 0.1126811 0.0000000 0.0958153 0.0735238 0.1878023 0.1943406 0.1970602 0.1939001 0.1906899 0.1753118 0.1884003 0.1814166 0.1820760 0.1823812 0.1953215 0.1844719 0.1845700 0.1941014 0.1944320 0.1910234 0.1844686 0.2002222 0.1955780 0.1786104 0.1916497 0.1854959 0.1913823 0.1849779 0.1757377 0.1959452 0.1830158 0.1842297 0.1761323 0.1791202 0.1728743 0.1758403 0.1556353 0.1311446 0.1396531 0.1240491 0.1186834 0.1294723 0.1498037 0.1374288 0.1407697 0.1323273 0.1524033 0.1554247 0.1514415 0.1654778 0.1737068 0.2110925 0.2225672 0.2205518 0.2098846 0.2153927 0.2127118 0.1628048 0.1725740 0.1726352 0.1755002 0.1779345 0.1767708 0.1878087 0.1723324 
ASV_81     0.2267198 0.1949120 0.2704870 0.2779726 0.1740623 0.1800479 0.1748000 0.1855946 0.2148167 0.1609719 0.1550961 0.1774500 0.1787173 0.2005317 0.1994574 0.1963810 0.2057252 0.2100786 0.2078045 0.2111092 0.2016072 0.2103607 0.1962031 0.2076481 0.1984367 0.1974387 0.1906045 0.2058764 0.1641153 0.1550975 0.1655812 0.0868607 0.0815079 0.0751338 0.0793703 0.0790859 0.0958153 0.0000000 0.0685288 0.1670871 0.1731263 0.1763934 0.1760022 0.1698043 0.1714059 0.1841841 0.1930523 0.1878548 0.1943421 0.2165576 0.1924586 0.1922441 0.1995062 0.2062135 0.2026353 0.2087721 0.2301974 0.2140837 0.1911357 0.1810521 0.1845193 0.1805042 0.1885684 0.1785569 0.2088766 0.2029011 0.2079027 0.1955379 0.1959801 0.1955731 0.1924993 0.1348094 0.1297483 0.1412181 0.1269827 0.1238199 0.1269827 0.1649555 0.1635622 0.1695502 0.1659599 0.1629440 0.1653760 0.1547533 0.1978437 0.1678276 0.1750441 0.2119580 0.1909798 0.1943341 0.2000600 0.1989690 0.1414948 0.1813940 0.1848240 0.1818003 0.1612518 0.1521950 0.1910579 0.1824404 
ASV_114    0.2391466 0.2213233 0.2344100 0.2484592 0.1404090 0.1766949 0.1675895 0.1719188 0.2026046 0.1576697 0.1517740 0.1640602 0.1775741 0.1888293 0.1819266 0.1849122 0.1840806 0.1880710 0.1834591 0.1847016 0.1741982 0.1801384 0.1990311 0.2175788 0.2074607 0.2127814 0.1950397 0.1971507 0.1863976 0.1491396 0.1600988 0.1082248 0.1026314 0.1076329 0.1027695 0.0998564 0.0735238 0.0685288 0.0000000 0.1856120 0.1921545 0.1948795 0.1917160 0.1789251 0.1607196 0.1734232 0.1516469 0.1470440 0.1528102 0.1955211 0.1681730 0.1921894 0.1957904 0.2022556 0.1988094 0.2062597 0.2304368 0.2256776 0.1987090 0.1922000 0.1801222 0.2124003 0.1862281 0.1896112 0.2219173 0.1979986 0.1958406 0.1840089 0.1870654 0.1934926 0.1904627 0.1777345 0.1422989 0.1509634 0.1464458 0.1430239 0.1517069 0.1437810 0.1341738 0.1449117 0.1417046 0.1660249 0.1757705 0.1445185 0.1833985 0.1798644 0.1871834 0.2035459 0.2000453 0.1965672 0.2075410 0.2013661 0.1548346 0.1698768 0.1699376 0.1727929 0.1823396 0.1745621 0.1800364 0.1512990 
