"S1"	"S2"	"S3"	"S4"	"S5"	"S6"	"S7"	"S9"	"S10"	"S11"	"S12"	"S13"	"S15"	"S16"	"S17"	"S18"	"S19"	"S20"	"S22"	"S23"	"S24"	"S25"	"S26"	"S27"	"S28"	"S30"	"S34"	"S35"	"S36"	"S37"	"S61"	"S62"	"S63"	"S65"	"S85"	"S86"	"S87"	"S88"	"S89"	"S112"	"S113"	"S114"	"S161"	"S162"	"S164"	"S165"	"S166"	"S167"	"S168"	"S169"	"S170"	"S171"	"S172"	"S173"	"S174"	"S175"	"S176"	"S177"	"S179"	"S182"	"S187"	"S188"	"S191"	"S194"	"S196"	"S197"	"S198"	"S201"	"S202"	"S203"	"S204"	"S205"	"S206"	"S207"	"S208"	"S209"	"S210"	"S213"	"S214"	"S215"	"S216"	"S217"	"S218"	"S219"	"S220"	"S221"	"S222"	"S223"	"S224"	"S225"
"S1"	0	0.539861583757122	0.565507359645695	0.598578125804956	0.654346718540132	0.661805396633865	0.626304996271439	0.477545881936385	0.676672189761926	0.67164750041839	0.686586123949296	0.662389448392209	0.838296771969142	0.846339137853164	0.84441096043306	0.808962925570699	0.815831751131883	0.8102640943997	0.684130342784596	0.689152211673448	0.7165728778632	0.75462521457181	0.809154767008541	0.77484228999668	0.839283977040568	0.814923479502022	0.745345938784218	0.778797837955292	0.890242637909581	0.786781894170149	0.867942345924453	0.855611081461356	0.831207018055454	0.843910577243911	0.873061875090567	0.832972334350694	0.878960447297577	0.872669061759171	0.880848854565514	0.862324237705103	0.887114845938375	0.88638063022966	0.89371525019857	0.879846631052904	0.905897945659377	0.87453365360045	0.888738060567169	0.848939743858912	0.858686570489612	0.833161298476965	0.912785752944512	0.899471549711196	0.902923575002453	0.906622588337308	0.913983610890827	0.92316456031582	0.893982380170225	0.910310233902186	0.819366697301362	0.798293612717513	0.823867832847425	0.862947032075704	0.856958207669108	0.92588890832313	0.900920129007778	0.74182231445795	0.740481338723324	0.635001132779143	0.72338509050356	0.808205635195255	0.823180823234211	0.854284437199274	0.842381399458773	0.817293716790965	0.854589963280294	0.805621155892352	0.69631042266677	0.78156263725538	0.777535234660466	0.777242460741313	0.827683182492202	0.743504863216232	0.706047065832589	0.801229765340695	0.774315836077368	0.744650811810813	0.778152892753087	0.8169222283508	0.760422728648246	0.743950799838688
"S2"	0.539861583757122	0	0.456358724467897	0.511787034262311	0.583551031438609	0.621984621315101	0.607649431277473	0.401717282314297	0.67078231466776	0.708007154637738	0.743282488684231	0.699831449534008	0.864533467708071	0.864543772519233	0.867222030229724	0.810305434206438	0.828668683812405	0.823007238129922	0.62951198382905	0.636338412448843	0.686944949197656	0.695780972278524	0.750695028124394	0.726145478012354	0.846323431590551	0.810011522212265	0.676349091862829	0.759930597544625	0.893612744359013	0.768847680903312	0.875066325792292	0.870417491282631	0.8622707856418	0.861842320395017	0.884864408370085	0.853237753882915	0.888292266773724	0.885142029948504	0.888596176947881	0.873575084012388	0.897398100853588	0.894410370783384	0.909563960491448	0.892037106997439	0.917089588119023	0.891911983348201	0.901339275018568	0.855515435081117	0.879013143719026	0.848602468527304	0.926592209479549	0.915574963609898	0.918607420107634	0.920421759429261	0.927839803339138	0.932965481842679	0.910636653463433	0.921063739974673	0.841363893452557	0.838875901767086	0.888441676792224	0.906793614431956	0.909536472183117	0.934825303687899	0.914542521318276	0.765600268598014	0.763216815170208	0.765541013258707	0.839038662486938	0.889074476604507	0.869920380519078	0.887657623232709	0.885724970616519	0.860433886689357	0.892068339168663	0.864721418689473	0.789621744915415	0.802672732442423	0.835685297915514	0.830934217799889	0.874851249504165	0.738257596421363	0.751284487271458	0.827063092020357	0.812264125692567	0.816939696948207	0.841504002878474	0.86718800352332	0.795070279079242	0.830375078209899
"S3"	0.565507359645695	0.456358724467897	0	0.39348466868277	0.61079946199521	0.652906582221217	0.585013073842386	0.506319156746552	0.722376557039161	0.694383411150783	0.714650205761317	0.686031109260871	0.867683270537277	0.859178788436752	0.878415899459301	0.832695890948318	0.831166543353416	0.814946856362243	0.628425103440294	0.60379159847245	0.611005089058524	0.740048190851704	0.822595782843556	0.756201852920216	0.855850733925987	0.793665950505292	0.699924604171902	0.74508665726843	0.88368048846466	0.786523674625658	0.869576268109364	0.869158223188304	0.863700267116547	0.87777566097246	0.877730170341729	0.846539439292492	0.876373732310184	0.879793039903608	0.882903841565259	0.868387749936725	0.902388509938993	0.901773596190564	0.906122005146979	0.895863602668643	0.910617850916358	0.891961414790997	0.894960097778417	0.857587089155678	0.874175895204033	0.860347405958817	0.918856792582944	0.912313299506896	0.914223631247106	0.910514356537905	0.919541602005491	0.927248043443539	0.907433686278791	0.915356711003628	0.838503964150293	0.83698089861573	0.90204123764548	0.904738083327378	0.90612595654131	0.934631432545202	0.913061182938003	0.790474133275732	0.795303025226976	0.812049594915178	0.86542485779127	0.898871877518131	0.871340306101846	0.889397647430331	0.883563682755688	0.864434574649812	0.884650544336408	0.860106835952621	0.824601307865285	0.81635611498073	0.83706319828845	0.845387170968566	0.880598144993375	0.798743669653292	0.79270235818993	0.838650261548663	0.814931740614334	0.834683954619125	0.857203653386585	0.883099368601729	0.813681427627231	0.861149680644265
"S4"	0.598578125804956	0.511787034262311	0.39348466868277	0	0.572121604139715	0.601564027370479	0.481239804241436	0.549449125081011	0.680961994985912	0.63064434297311	0.641104418482435	0.607818317200298	0.869669634489222	0.862568860539287	0.879262561754428	0.841406913280776	0.839070090215128	0.826600985221675	0.589519401108635	0.547186292625567	0.586228457540349	0.71579737039523	0.846684854497355	0.782370251471375	0.857920425216569	0.81017558953502	0.731816914066132	0.770392995316636	0.880671885688227	0.802652132008375	0.870398169990707	0.867265193370166	0.861538994080792	0.87864423843282	0.878122426571507	0.848833110061341	0.878574137277209	0.880230326295585	0.88788458707493	0.868934311124981	0.899950956351153	0.901885761136923	0.904231784771284	0.899069141150986	0.90857476830592	0.888657338493599	0.897292514599186	0.867734695457008	0.873879208255794	0.867363458206708	0.916349523343005	0.90915807620589	0.913293581199579	0.908286665043422	0.918804755944931	0.925356147717907	0.907593123209169	0.916216216216216	0.846479171072108	0.848587398760409	0.902112891701541	0.906906378637019	0.905041408699847	0.932418314780792	0.915401591653849	0.811370241723967	0.815162121112065	0.837363416742392	0.87830995751615	0.899672413222594	0.876507936507936	0.886849559582476	0.88309953239813	0.866765408826203	0.88442231563482	0.862281603288798	0.839850738639268	0.828481894150418	0.843996787578637	0.855581109605873	0.885073737524207	0.821966320556988	0.816606725645132	0.848167349454374	0.827616534740545	0.842256844442902	0.863413374644978	0.885491334724617	0.824282503176206	0.864126984126984
"S5"	0.654346718540132	0.583551031438609	0.61079946199521	0.572121604139715	0	0.400024897298643	0.492944872893459	0.590543845347619	0.571703113304877	0.593220338983051	0.601058528370622	0.544394618834081	0.864377726989404	0.859163745618428	0.872205866317741	0.839859602939563	0.836829415310428	0.825337546681988	0.703948371360333	0.717157509157509	0.723863901966677	0.765950485331007	0.832473835886546	0.778951669390614	0.853861540937622	0.811967525308209	0.783286467007016	0.812692374200242	0.883549585968573	0.813463380649656	0.868946749953615	0.86218487394958	0.85593551685765	0.872977439563396	0.87744746895893	0.848621890851311	0.87875040676863	0.877752536725731	0.885714285714286	0.865073478917731	0.898207972692917	0.897240407723544	0.904279626999321	0.892269352577748	0.911775093593275	0.886462602459016	0.895937452092595	0.862062115091716	0.875589201542637	0.854482044024362	0.914495614744814	0.908184119818198	0.913051414663827	0.911040617888422	0.916466185511895	0.925739754029691	0.901982651796778	0.910701876302988	0.839457239778611	0.84683127303565	0.887847891981262	0.895494616112009	0.899500581514675	0.929138516143093	0.911865989610693	0.820593111070179	0.822259423887317	0.82380403807676	0.859112740794298	0.890228738324513	0.853179972936401	0.879592446317746	0.875883017801639	0.856928992866997	0.882479298756193	0.86902157944566	0.822057673734075	0.831438935912938	0.808199976638243	0.847040248192571	0.880943226963988	0.810111404216355	0.815984736061056	0.845725198008953	0.827672911428268	0.832846077338075	0.854911724762336	0.873820912273201	0.821034315543258	0.844836272040302
"S6"	0.661805396633865	0.621984621315101	0.652906582221217	0.601564027370479	0.400024897298643	0	0.454518110038852	0.605897114178168	0.473802422769616	0.541612986343726	0.559825790124183	0.498518210774131	0.877895319090092	0.873605342454597	0.884233346472211	0.850445809391718	0.853723893340339	0.839476004534576	0.709332549781886	0.720738272237888	0.737038525578458	0.775221623065494	0.851081920560829	0.81322639147871	0.865930794989458	0.832146139705882	0.79337091101797	0.827455621301775	0.896003824629489	0.830680835918035	0.886844155495258	0.881010338960869	0.873236481879687	0.882824165978603	0.893980046367449	0.865783946185956	0.896279657447705	0.893614775725594	0.897431150196714	0.880358440300315	0.906252888009907	0.903862434857863	0.914196023718172	0.901214089893335	0.924335070333444	0.897167538832129	0.90672	0.878701513381024	0.894980084526741	0.866963602825393	0.927397719651241	0.91977275140703	0.922129519268971	0.9226251955027	0.928934593399018	0.935379830674423	0.913144087178797	0.922709045002228	0.854849498327759	0.855559306774702	0.890735655441538	0.90288839333121	0.910255282980158	0.938655280510215	0.921585655538811	0.845537787981526	0.8458425033518	0.84040909425355	0.870720689734241	0.897684082501394	0.865582813180433	0.895076536440484	0.890532277012983	0.873896077223249	0.894453004622496	0.882306566054736	0.825019123028261	0.848017911234031	0.802959441846201	0.85829307568438	0.890517217497299	0.826851085628719	0.832396805948709	0.85940045617465	0.846506853450879	0.846679277007146	0.861492952844963	0.882953578519429	0.83085473937209	0.836091689530047
"S7"	0.626304996271439	0.607649431277473	0.585013073842386	0.481239804241436	0.492944872893459	0.454518110038852	0	0.575811555138873	0.494497894758253	0.451552518199376	0.47452041488882	0.432762520193861	0.876340429983784	0.872104033836248	0.888033344301854	0.854573540770164	0.852020662412641	0.838679791546034	0.659895620139173	0.650095997636981	0.671350112874423	0.754530176823031	0.864085070701681	0.816497028887451	0.869837817828471	0.824820471325984	0.79658406446822	0.81672194100192	0.894750690698592	0.825623921121156	0.881876013471373	0.87963691376702	0.875496528093635	0.883055169216504	0.889811638683276	0.860426423465615	0.888378200919238	0.889632004886242	0.89625541978715	0.87690604676906	0.907207648933562	0.906121088378682	0.910075974592104	0.89856739516888	0.912993866780773	0.893482333182611	0.900448291853455	0.870974208205265	0.882887430590611	0.863304409781419	0.920663423552842	0.913634546181527	0.915950920245399	0.914102742586663	0.921167981657563	0.927225998444422	0.906154326772883	0.914415994387934	0.856571119524067	0.853104741847379	0.89167706455936	0.901823885830283	0.906504626432813	0.933059122735408	0.915166490175315	0.832961862308073	0.833372120083779	0.832835456928611	0.86608071562305	0.894727638366705	0.863298053943325	0.891430293694116	0.886456030240354	0.873302364115158	0.889623334382541	0.87213859886038	0.827702702702703	0.839256324291375	0.807382115735563	0.850353046244872	0.884816753926702	0.825785653194149	0.830690088424247	0.854134436270641	0.835949511924769	0.841137682700781	0.859383018760335	0.878394746050117	0.823382297984879	0.838644331904947
"S9"	0.477545881936385	0.401717282314297	0.506319156746552	0.549449125081011	0.590543845347619	0.605897114178168	0.575811555138873	0	0.628993834080718	0.654689754689755	0.673106225511537	0.641466237942122	0.849000194978227	0.850430479460701	0.851504391702485	0.791397445529677	0.810701604016163	0.802237136465324	0.701742071341969	0.699329822881762	0.751515796191894	0.75767923534762	0.762909981953344	0.722703308762137	0.832447016501134	0.796839248656415	0.703007858368711	0.763631391851244	0.885621852905111	0.757742732281968	0.86427624834346	0.856985967053081	0.843731664384901	0.848256914546094	0.875361403338274	0.837695946113271	0.877764751856194	0.874354561101549	0.880556763810352	0.860009078529278	0.884831114940306	0.884734366897341	0.902949476786294	0.885873919916842	0.912647001584698	0.883457196492401	0.892922771293767	0.846527722746124	0.865784233994223	0.833813315263425	0.915702650827411	0.905039814036303	0.909093152375077	0.914231933873476	0.92007024452545	0.926872199701302	0.903693501940654	0.913654453135721	0.827145260796411	0.819752570861826	0.859617600531219	0.88461348236807	0.884897937054406	0.926987479257807	0.904248467355263	0.746252703273758	0.746247133637503	0.715160849931739	0.788965309070525	0.854957855857562	0.840225715437324	0.869052029852326	0.858815024883921	0.825607593116341	0.868777041459006	0.829598286579951	0.735437320349622	0.779845341843623	0.796224253562138	0.790977237407441	0.843517637070008	0.716650474553471	0.726031771373833	0.801303096115966	0.781065418477655	0.777391389528334	0.805809437428777	0.837437330848751	0.760161078853718	0.772142073736607
"S10"	0.676672189761926	0.67078231466776	0.722376557039161	0.680961994985912	0.571703113304877	0.473802422769616	0.494497894758253	0.628993834080718	0	0.434086276467407	0.532485549132948	0.486037952086042	0.893385494806009	0.893590716841991	0.896413811491801	0.864006160233017	0.876365326516384	0.86328452096481	0.760871596494179	0.771117279091926	0.796789261257993	0.810574406870328	0.862833908844941	0.839147406902534	0.882524372896645	0.863896198167135	0.83714702059785	0.865607875917154	0.916612755705267	0.859429653100695	0.902819900625928	0.899437575042656	0.891903295219611	0.893248326811802	0.908554881759238	0.883401949700292	0.915112626161353	0.908582089552239	0.910133770341857	0.898927963922624	0.915734326426915	0.913618814181125	0.930552869636219	0.915823445657333	0.937268938234394	0.91578715434615	0.92315258296271	0.901747266373577	0.912422610717081	0.883362495811772	0.939314569830418	0.93263166865519	0.935223188652362	0.93590545707334	0.941017672012885	0.945765331636132	0.926776215191782	0.935900123448163	0.886095165804829	0.87967508703026	0.89684754163706	0.913754900289756	0.918454836702238	0.949213347164592	0.933042813771453	0.861450553213346	0.863685731264985	0.84158913754086	0.881011365570453	0.908031353880248	0.887996705785464	0.9126546834071	0.909713882020487	0.893322272915803	0.909893992932862	0.90018756698821	0.838442721074273	0.868016005758686	0.830774634791413	0.873204123054881	0.904463793673537	0.830862017260338	0.847118679998587	0.881681707740368	0.87034677990092	0.865122961210175	0.876719801200073	0.893826586008996	0.852956716114611	0.836716694797987
"S11"	0.67164750041839	0.708007154637738	0.694383411150783	0.63064434297311	0.593220338983051	0.541612986343726	0.451552518199376	0.654689754689755	0.434086276467407	0	0.347559656838007	0.360656286623137	0.883334679264583	0.879138477628526	0.892359550561798	0.863576757856658	0.859607227022781	0.846839037513077	0.744072836355025	0.727738785474519	0.751136602084353	0.824074246631506	0.875926754752963	0.830076878665411	0.877924913379847	0.841405375139978	0.836820320916256	0.845500725689405	0.896585831713223	0.844745271046111	0.883032630797534	0.880869701235727	0.878535147676679	0.891679655900401	0.88970107934928	0.862866979057091	0.8912	0.89330385344283	0.900351636461996	0.884393723252496	0.911915258132587	0.912135229040991	0.914021462408559	0.905292329216778	0.917801105382247	0.898785018576162	0.905374280230326	0.882275453253371	0.890052159555706	0.875542994713979	0.921811535337124	0.915489372534046	0.91838806917341	0.915216840886895	0.922514261715606	0.927964614196447	0.906160064672595	0.91482224247949	0.863489681050657	0.86022386022386	0.890787571398099	0.89907089219804	0.90315291079307	0.936029124951242	0.916319771504968	0.847720939171658	0.852752996305308	0.845898096583825	0.870113189371438	0.893938481911756	0.866477574898068	0.890881289963859	0.893385762510665	0.883162142333089	0.891449760069798	0.878398688345402	0.831572951033681	0.850717100078802	0.803946608288486	0.860127784493179	0.89074588873631	0.835108055892528	0.849189741593265	0.86347587289133	0.843910423331597	0.84571392659628	0.86760422489629	0.882333370300543	0.83840721618895	0.82974828375286
"S12"	0.686586123949296	0.743282488684231	0.714650205761317	0.641104418482435	0.601058528370622	0.559825790124183	0.47452041488882	0.673106225511537	0.532485549132948	0.347559656838007	0	0.314374725406399	0.89598094118375	0.886685552407932	0.903811252268603	0.883102380589818	0.866133274067489	0.860830684319	0.785561416729465	0.768663660439482	0.767482958848776	0.855214924945219	0.899658512488993	0.853210355756561	0.892361297239346	0.850008421761833	0.858306509886356	0.85738166461376	0.899636601200441	0.858345715700842	0.886752055056395	0.884438220879242	0.881031552501293	0.901690110129757	0.89561143442773	0.868364540556832	0.896687986311973	0.894901610017889	0.905979715014623	0.891999205876514	0.920483327524108	0.920826897944636	0.910773575544785	0.910634218745168	0.915051285527089	0.90147311269911	0.90534200968523	0.888255131354345	0.890105861326245	0.890912358473612	0.918514322705939	0.913984962406015	0.917787686888747	0.912879617862308	0.919225100021057	0.924676642150647	0.909031689466222	0.914501925034297	0.861240949500504	0.861496976630168	0.895624247290245	0.897669172932331	0.897618324584617	0.938695249845774	0.921589573763487	0.856314652722519	0.860099075993395	0.857908351810791	0.87118581569001	0.890344390450032	0.861915558027121	0.888675463504259	0.887568349224999	0.884162960837756	0.889417989417989	0.873282068062827	0.83963756266252	0.855969067182214	0.812836320872385	0.862825055150745	0.888848935235127	0.855616590233332	0.859773917838434	0.866226708074534	0.839666273691847	0.843606460216328	0.864407942114468	0.882650448143406	0.840894922767888	0.8518061945539
"S13"	0.662389448392209	0.699831449534008	0.686031109260871	0.607818317200298	0.544394618834081	0.498518210774131	0.432762520193861	0.641466237942122	0.486037952086042	0.360656286623137	0.314374725406399	0	0.880037161769829	0.867919116592571	0.886445747098935	0.862925948223962	0.847046703296703	0.838764227642276	0.759079834551533	0.745750873108265	0.747537564216463	0.830278290222554	0.878645961712267	0.829492782412925	0.873557680115639	0.826910440261296	0.829224108815131	0.830537115268558	0.888855489591944	0.831583796768568	0.873258363392036	0.870471633629528	0.866662098735825	0.886989870357247	0.880247249015079	0.85264773599386	0.884514435695538	0.882714557071318	0.893243834816869	0.873612614005256	0.906727490145711	0.906306550850525	0.906728800395396	0.901282572108409	0.911107446194442	0.894450169291918	0.897881281736999	0.873919363476398	0.877464082860007	0.86989214002084	0.914154774768061	0.908366117745361	0.912946893439778	0.911554807152594	0.916499149528375	0.922113184127846	0.904535790219702	0.908333333333333	0.85541866778033	0.850595887063423	0.886395867098866	0.893325906068308	0.894097084293318	0.930717416871592	0.913460901807588	0.836361085782423	0.838553586608252	0.842004447477928	0.863093521029251	0.885390386946692	0.850980392156863	0.878792528096352	0.876711199076365	0.8743626487153	0.876627827278958	0.868729065522562	0.826104601024705	0.840317022742936	0.788894778690697	0.853000842670329	0.882292280494991	0.829749575450262	0.841273148751074	0.848725029587921	0.825453943830914	0.830969470105429	0.853663214422708	0.873212840571891	0.822047294899506	0.835583596214511
"S15"	0.838296771969142	0.864533467708071	0.867683270537277	0.869669634489222	0.864377726989404	0.877895319090092	0.876340429983784	0.849000194978227	0.893385494806009	0.883334679264583	0.89598094118375	0.880037161769829	0	0.574823743461451	0.518409095539844	0.679977053412281	0.667069552796396	0.654467055792186	0.867220891456484	0.86045141770864	0.875983480541404	0.890037432604142	0.80485277301315	0.760243277848912	0.673309501894385	0.776383652541095	0.834190650641106	0.822956532561685	0.798926190335713	0.764712128049266	0.802991957707666	0.809161558669002	0.792065363419516	0.824689660164308	0.846166412546286	0.804673157162726	0.851151557990222	0.832776842628108	0.869599749693133	0.810239975775316	0.866900575874299	0.840674279499728	0.884695310306094	0.874574809562593	0.900500982941214	0.86516136521941	0.883702112224113	0.843415305450847	0.860573843986166	0.852545977145795	0.907628285906866	0.895242591718277	0.895605917881088	0.90200459256501	0.908059845559846	0.911447149553909	0.893420459666516	0.900012498437695	0.871145409715329	0.868252516010979	0.850808175831694	0.883133835087622	0.870293918294411	0.778683190447896	0.77017871432382	0.784233756075758	0.786163189860048	0.804830844543954	0.862789034564958	0.852559185292951	0.802281600780869	0.79091590466197	0.756088280060883	0.76246279263093	0.796241468507495	0.798907103825137	0.803939199314922	0.732866901718819	0.838955909042383	0.816045772409409	0.826692995702172	0.82991465178335	0.79968036429713	0.788153666789888	0.824099678967611	0.804686426942834	0.828510682431031	0.845105419834182	0.802042788850866	0.834883466462414
"S16"	0.846339137853164	0.864543772519233	0.859178788436752	0.862568860539287	0.859163745618428	0.873605342454597	0.872104033836248	0.850430479460701	0.893590716841991	0.879138477628526	0.886685552407932	0.867919116592571	0.574823743461451	0	0.615021045453477	0.690181508389143	0.651681629371566	0.641636490693094	0.861282264779351	0.854596226905218	0.866947146989219	0.891073017838486	0.770398251578436	0.724528057926041	0.6977467944728	0.699733112806826	0.817723191495751	0.792316410677297	0.808820302786514	0.743260178014845	0.82440537745605	0.814483862363297	0.808228334614485	0.838636830219667	0.824098621420997	0.810395264984012	0.835340486095905	0.833192980092296	0.872846243963768	0.808386492124437	0.86615820440183	0.855807743658211	0.882510840388189	0.888560550093766	0.903545985752021	0.872133027522936	0.887322020008878	0.842747637121381	0.851920894796563	0.846085924781325	0.910050415291429	0.897402817857749	0.904068783426985	0.905897016436862	0.911428571428571	0.917172707728284	0.898038132080685	0.90986955838441	0.865218624630222	0.86491529764736	0.852710094480358	0.874248854184349	0.866517409094418	0.834670556771213	0.834313788868059	0.773986186145114	0.780573472124657	0.829906177547615	0.877733205265834	0.872972194669312	0.781183287587679	0.80748423683916	0.762007684918348	0.801229708188295	0.81546896416683	0.813866608065048	0.82140544847851	0.741462758806131	0.830637857420106	0.824428645531383	0.825921675512839	0.828071742554242	0.804217252396166	0.787384239035471	0.810108796017504	0.809252621352718	0.833895552223888	0.857515764774894	0.796652904283148	0.849633403752951
"S17"	0.84441096043306	0.867222030229724	0.878415899459301	0.879262561754428	0.872205866317741	0.884233346472211	0.888033344301854	0.851504391702485	0.896413811491801	0.892359550561798	0.903811252268603	0.886445747098935	0.518409095539844	0.615021045453477	0	0.719729344729345	0.723688721288996	0.700297455106313	0.870786854384876	0.869261744966443	0.888658572697661	0.890499931390934	0.805334891580726	0.780280559334508	0.690648812606348	0.802399644497112	0.841665960511821	0.833375538110914	0.813183349899391	0.781760838663824	0.841167012327267	0.845631620913544	0.832694414019715	0.829364508967786	0.860387032373693	0.824715364541235	0.867667352620748	0.853636155081441	0.880327198364008	0.828395061728395	0.867241984847725	0.853610454939415	0.896091804194502	0.890461739006457	0.917045951297282	0.884851819073361	0.900069460523269	0.866493366358486	0.875476295393867	0.862436183790683	0.919081834402276	0.906591632455372	0.909540798711014	0.917527857088713	0.922425499345727	0.927108076009501	0.909835491774589	0.91792656587473	0.886158631415241	0.879759421836349	0.866230622840567	0.897919645740117	0.888216232510236	0.821239518433504	0.809281684172967	0.809033813066351	0.811238141571394	0.819429180404303	0.870469158840592	0.873859509256799	0.83346206552884	0.830835749029627	0.809962198163911	0.8122843958604	0.839444190881891	0.837887686259283	0.822422818667801	0.779177642881686	0.859880854102055	0.833147656183049	0.848421757963003	0.847636595563745	0.807120766387569	0.815372312902771	0.843605070596723	0.822873337294876	0.847993205426947	0.855285636901538	0.819556451612903	0.849803007156067
"S18"	0.808962925570699	0.810305434206438	0.832695890948318	0.841406913280776	0.839859602939563	0.850445809391718	0.854573540770164	0.791397445529677	0.864006160233017	0.863576757856658	0.883102380589818	0.862925948223962	0.679977053412281	0.690181508389143	0.719729344729345	0	0.557456594227895	0.540906572093539	0.840525139439824	0.837632230474904	0.867988274457197	0.8603162938808	0.673523767228663	0.658686530996881	0.745232164764489	0.738592305398151	0.771125410150424	0.772921978582356	0.855145318333781	0.663270322205836	0.815350702342706	0.818773638968481	0.817835330853653	0.806650305567586	0.843730740258851	0.814412865143734	0.847544778847325	0.84482917820868	0.872054287476866	0.828302290730036	0.83098970145994	0.835965376538678	0.889578599704856	0.877936387654372	0.904606540821875	0.878421648169102	0.889701770736253	0.83341150912188	0.860032890443499	0.821229498335806	0.911513445296573	0.899183067211288	0.901007527504343	0.910092349963111	0.913951234061591	0.917501120908683	0.894704708230598	0.905181015734937	0.86734534064213	0.856410506786447	0.842682858893655	0.882890828072781	0.881079440552366	0.843720535545917	0.834421484821969	0.740245807971268	0.739983537629864	0.770942058075739	0.845567090208236	0.869491600944615	0.799122036874451	0.812938965278465	0.774762410337416	0.760750022536735	0.818218954248366	0.794361930818839	0.76159580598985	0.70469056125389	0.818177736874004	0.750075421281731	0.799262952525472	0.737779043685691	0.712574396300087	0.701429653474721	0.746925431996264	0.75692208628461	0.782733466231462	0.737093530003352	0.714121952294872	0.782088346927239
"S19"	0.815831751131883	0.828668683812405	0.831166543353416	0.839070090215128	0.836829415310428	0.853723893340339	0.852020662412641	0.810701604016163	0.876365326516384	0.859607227022781	0.866133274067489	0.847046703296703	0.667069552796396	0.651681629371566	0.723688721288996	0.557456594227895	0	0.592418220727606	0.841376348703634	0.830007806401249	0.84818126324105	0.873455040253997	0.724745280783508	0.672366621067031	0.765467591138598	0.754733929790521	0.756957919430044	0.723885884765989	0.8513333799958	0.6491390769421	0.826641973675508	0.833824471492633	0.816430704035443	0.842084184388642	0.859890459814036	0.819107947495592	0.849528466643381	0.853922044315057	0.874009661835749	0.817577612592917	0.844433125344879	0.840408941258014	0.882718087565212	0.880017571797265	0.905317769130999	0.870177124811204	0.8872030149107	0.826845064408227	0.842726991970352	0.83826630014145	0.907427341227126	0.897598018446697	0.89996750081248	0.901568656605457	0.906784533563318	0.911971450200065	0.892511597084162	0.90472263868066	0.846284501061571	0.846983437795441	0.859872611464968	0.885082944953231	0.876686076509177	0.873813251607315	0.852390723123795	0.68543676576754	0.691021938179807	0.762257540260453	0.836018129197838	0.852221298605338	0.795047341587764	0.809139880846206	0.761483290096139	0.759001470266212	0.803086350558607	0.764606918790088	0.748127386072585	0.664105874757908	0.814397710303634	0.745772183171083	0.777411376751855	0.782677237314081	0.700988774068842	0.651375531950541	0.712361785973907	0.716078380900286	0.760859102394417	0.774990799195991	0.682920168704676	0.81446172490406
"S20"	0.8102640943997	0.823007238129922	0.814946856362243	0.826600985221675	0.825337546681988	0.839476004534576	0.838679791546034	0.802237136465324	0.86328452096481	0.846839037513077	0.860830684319	0.838764227642276	0.654467055792186	0.641636490693094	0.700297455106313	0.540906572093539	0.592418220727606	0	0.831207570458753	0.824097459515674	0.843956714949625	0.866823115283074	0.741783678310441	0.684500207137362	0.721032935871511	0.694375615220121	0.79296993832794	0.778309017402004	0.806979208051914	0.679390211601283	0.784548763650056	0.78806697108067	0.790719668080173	0.802629537697797	0.819943088938669	0.791542658730159	0.812557832121613	0.816684590566907	0.855501254788007	0.807207457910116	0.856855665873472	0.846478932172894	0.872979070058905	0.866025438873121	0.886079586266341	0.856381249593654	0.868782081194587	0.801358805327593	0.827486017287717	0.811094912913374	0.892931085477669	0.880976696685545	0.879567901234568	0.888406000280387	0.894697535474234	0.895883694800994	0.875259352404904	0.887884139879901	0.84318140548393	0.837556725959787	0.845675286689261	0.870392721195804	0.869002920317063	0.822490442036083	0.801633329388093	0.734923997009718	0.741924157303371	0.790732314472852	0.848808030112923	0.864383923074668	0.776211756617394	0.798118741782138	0.765534085195029	0.766645831473048	0.805304124255979	0.785418255362886	0.779988841361354	0.673535725237657	0.810209036536981	0.776599028935477	0.809251187300761	0.784841075794621	0.765095395755425	0.751342420487402	0.762883998991609	0.774435170748112	0.807994494465791	0.824425621735718	0.745569144476248	0.820375439968713
"S22"	0.684130342784596	0.62951198382905	0.628425103440294	0.589519401108635	0.703948371360333	0.709332549781886	0.659895620139173	0.701742071341969	0.760871596494179	0.744072836355025	0.785561416729465	0.759079834551533	0.867220891456484	0.861282264779351	0.870786854384876	0.840525139439824	0.841376348703634	0.831207570458753	0	0.371934141297804	0.479707291268698	0.529851756582955	0.834711907359825	0.793438005320536	0.849530175947531	0.818342203534359	0.740142972953055	0.79432000727427	0.892322744014733	0.802216627300335	0.873572056239016	0.870046526552222	0.864869933292255	0.867524413714449	0.879037837262519	0.850016302575807	0.88267065042519	0.880947887741622	0.885762799801901	0.867104710619272	0.894851395977184	0.8931723531884	0.909280386134269	0.902629107981221	0.920041985675475	0.897592749929199	0.903196795029025	0.871528588098016	0.881117137335578	0.863495772905354	0.922120250450296	0.914652342584303	0.916477211215763	0.918379685610641	0.924366288302064	0.929891801055456	0.910666153253754	0.921297705277254	0.861421936851292	0.854276419955667	0.90043253684962	0.909877648463145	0.909041786743516	0.936016796972125	0.916388483204673	0.827567390592601	0.826670798471232	0.844352745672835	0.886833006261097	0.903463617786285	0.875914144717284	0.896109211026338	0.888669342389626	0.877205400445668	0.895388725296743	0.880953066927886	0.850643343705323	0.83486732332203	0.860706643703356	0.874959555986958	0.896344573533579	0.848639557931407	0.831510176011691	0.854973487687738	0.850038681726752	0.85409453257106	0.873116533915073	0.887858123900629	0.831812955155232	0.871534262318632
"S23"	0.689152211673448	0.636338412448843	0.60379159847245	0.547186292625567	0.717157509157509	0.720738272237888	0.650095997636981	0.699329822881762	0.771117279091926	0.727738785474519	0.768663660439482	0.745750873108265	0.86045141770864	0.854596226905218	0.869261744966443	0.837632230474904	0.830007806401249	0.824097459515674	0.371934141297804	0	0.405501146072098	0.604634322954381	0.835197425807827	0.784227853453744	0.848363172563654	0.813247150403114	0.718554434233523	0.760734870317003	0.883058369185948	0.788610560461344	0.86531122727127	0.86488419089072	0.862840406306475	0.869032879350667	0.875606664811895	0.847264894998575	0.87374471682164	0.872755806654112	0.88560667204735	0.859687943262411	0.890144185756195	0.892089232271348	0.903237168198264	0.89873417721519	0.914208917854118	0.893739402201017	0.901652892561983	0.857472372362034	0.866587209951953	0.856823033269121	0.918504572350726	0.910522321993171	0.91139839192811	0.911013753725715	0.919090814305078	0.925538590253085	0.906441767068273	0.917176470588235	0.849385474860335	0.841851952277657	0.903804873446088	0.908182622992285	0.909184800028491	0.932566851827929	0.914771526078947	0.826092491804322	0.827296885730495	0.849391606655078	0.889915094088526	0.9041464728056	0.879317021651118	0.890668139149641	0.882166660529514	0.876701507049101	0.892810740580338	0.872506445922106	0.855094375280527	0.832106499608457	0.861283205899241	0.872431751845705	0.89293675350168	0.856823366283491	0.830790837328684	0.845329349097051	0.841592201462226	0.846615038720959	0.868729708385738	0.887062975625896	0.82160344522447	0.875096620751164
"S24"	0.7165728778632	0.686944949197656	0.611005089058524	0.586228457540349	0.723863901966677	0.737038525578458	0.671350112874423	0.751515796191894	0.796789261257993	0.751136602084353	0.767482958848776	0.747537564216463	0.875983480541404	0.866947146989219	0.888658572697661	0.867988274457197	0.84818126324105	0.843956714949625	0.479707291268698	0.405501146072098	0	0.678642594046253	0.87172294518381	0.820481802785746	0.871023531261464	0.82780487804878	0.76592753530577	0.790027137042062	0.884938641834037	0.820729445703688	0.879142444551413	0.876594376362142	0.877426749767175	0.890166356220695	0.882227664785433	0.85435298412119	0.882200086617583	0.880797572605115	0.892586530884403	0.873592070541289	0.907079545195616	0.906001816615041	0.911735353908705	0.90690247356211	0.916547013009616	0.898305084745763	0.903386600205249	0.871416509187407	0.881092047810171	0.874233308020328	0.922872340425532	0.915124581086988	0.915683212898072	0.914156562882852	0.92169776802049	0.926805385556915	0.912056105977958	0.918887799053265	0.854106024521478	0.847678458622868	0.912918334772483	0.911991840303074	0.908547044304062	0.935194863371659	0.919889407292207	0.843996622985721	0.848405253283302	0.869937483011688	0.899865249288816	0.911111111111111	0.881216723760783	0.896370967741935	0.892084765675993	0.887319042316258	0.896396396396396	0.883794466403162	0.872362730965797	0.850589210421997	0.859509563172275	0.883132921676958	0.897840114369615	0.87547486309142	0.858251171811864	0.858710356230272	0.853662795774033	0.863832232117208	0.880651717589045	0.899040259254643	0.842831191549485	0.892348581430022
"S25"	0.75462521457181	0.695780972278524	0.740048190851704	0.71579737039523	0.765950485331007	0.775221623065494	0.754530176823031	0.75767923534762	0.810574406870328	0.824074246631506	0.855214924945219	0.830278290222554	0.890037432604142	0.891073017838486	0.890499931390934	0.8603162938808	0.873455040253997	0.866823115283074	0.529851756582955	0.604634322954381	0.678642594046253	0	0.844863268853997	0.833141968221045	0.875243171429927	0.866666666666667	0.790607313308376	0.844190014183231	0.919298524043803	0.840429655057859	0.904593639575972	0.900403362611679	0.896381858331918	0.883965891991306	0.908824523836357	0.887457110179184	0.914909638554217	0.911164192686117	0.911676053669543	0.896756265697643	0.909560273813667	0.909855592482574	0.933614735226401	0.922789068937105	0.941641691641692	0.922850527802849	0.927792316949703	0.903957065043255	0.912606309439021	0.887189518236851	0.943910098157328	0.93571605384923	0.938940004562391	0.941480630334865	0.94627683138013	0.949894099848714	0.934133118006691	0.944263511563672	0.890487861077945	0.889270335165598	0.91735406592712	0.931069939257764	0.934161084790067	0.951285364395503	0.93537037037037	0.866330198057658	0.863037881574108	0.864245156256773	0.90769757098871	0.924551228942281	0.907940114415548	0.919422440589592	0.912250759688632	0.898663593613502	0.922382040043624	0.899573116251365	0.869661499525467	0.87158707918355	0.884137982140872	0.898092594250918	0.921878066972873	0.867231681477981	0.853023943911107	0.884552121833698	0.883096037189135	0.882410749721241	0.893496495878572	0.909092499606347	0.864357284955558	0.883101592285266
"S26"	0.809154767008541	0.750695028124394	0.822595782843556	0.846684854497355	0.832473835886546	0.851081920560829	0.864085070701681	0.762909981953344	0.862833908844941	0.875926754752963	0.899658512488993	0.878645961712267	0.80485277301315	0.770398251578436	0.805334891580726	0.673523767228663	0.724745280783508	0.741783678310441	0.834711907359825	0.835197425807827	0.87172294518381	0.844863268853997	0	0.5104392205382	0.781452499302787	0.721827196961705	0.716155509955077	0.752776040880571	0.881715069176119	0.614932675823012	0.871209991566604	0.864563642091997	0.854948435312445	0.84443613133435	0.88702715429289	0.861207411835027	0.899614059841474	0.889062778581192	0.895463263367331	0.868718557983256	0.881737200443898	0.876711495162174	0.911735205616851	0.898403172221627	0.925815894097601	0.899457861015278	0.909782543581142	0.837787941090085	0.868786839095628	0.823821296442411	0.929987800591361	0.920671880908313	0.92319307029046	0.928463823010373	0.932815665091155	0.938737976958038	0.920151174010936	0.928293400224894	0.873056368074952	0.868586746462191	0.880056382351013	0.906263060481223	0.912715747997773	0.919891898432931	0.903073651652813	0.717134977417163	0.707273076184993	0.759526761573279	0.86691582132052	0.894168508021904	0.86053929908132	0.869440067233953	0.853766165676337	0.838078050105762	0.883437304379735	0.84164674082545	0.772403609515997	0.73116492560937	0.841958691111627	0.789452067581443	0.838277590599063	0.700914215337975	0.726321411285612	0.74882101726476	0.795453053543686	0.790336275497107	0.817906377821542	0.83839524841948	0.743416918946707	0.810406230998639
"S27"	0.77484228999668	0.726145478012354	0.756201852920216	0.782370251471375	0.778951669390614	0.81322639147871	0.816497028887451	0.722703308762137	0.839147406902534	0.830076878665411	0.853210355756561	0.829492782412925	0.760243277848912	0.724528057926041	0.780280559334508	0.658686530996881	0.672366621067031	0.684500207137362	0.793438005320536	0.784227853453744	0.820481802785746	0.833141968221045	0.5104392205382	0	0.754784942439438	0.661628912329241	0.681913907842642	0.665651098605685	0.839436239800391	0.532677294888284	0.824723836281208	0.825408618127786	0.822418018800608	0.832699619771863	0.851760650086186	0.812929675181331	0.852123578111328	0.849245288915279	0.862070814012705	0.829438526095679	0.86315920501224	0.856725641242699	0.886452024226968	0.87937929931211	0.898454099201407	0.869009796134498	0.883350738947435	0.805249092030425	0.831332444049207	0.808315824968226	0.906167386139276	0.896937073063242	0.900546242230175	0.902236832702065	0.907235749861649	0.917016478751084	0.89707011258956	0.901599193199827	0.833117195894624	0.827682758155382	0.874259381171824	0.892278150281739	0.886880714437593	0.893708002443494	0.87212030075188	0.650738323087648	0.654356229556943	0.755235953201411	0.854256165473349	0.886190972739461	0.823150224215247	0.828061136871029	0.802754982415006	0.793833772049257	0.844363845297519	0.805098767516461	0.74876383329409	0.670159680638723	0.806970025279884	0.750548667521733	0.792422837461915	0.674715180701402	0.705046214735623	0.68021469913021	0.72837147790309	0.752448465628206	0.783733395478909	0.813442469854698	0.694309802884757	0.805115231055066
